1
10
11
1190
12
1207
1208
1210
13
14
158
1586
1589
159
16
160
161
162
164
17
18
1872
1884
1885
19
1986
2
20
21
22
23
24
25
26
27
28
2858
29
2900
2949
2995
3
30
3006
3008
3011
3017
3024
3026
3029
3035
3037
3043
3072
3084
31
3118
3133
3142
3149
3154
3161
3163
3168
3172
3174
3177
3184
3195
32
3211
3217
3223
3229
3235
3240
3250
3258
3259
3262
3265
3269
3275
3286
3287
3291
3295
3296
3299
33
3313
3317
3322
3326
3329
3330
3335
3340
3342
3346
3397
3398
3399
34
3432
3460
3476
3479
3485
3496
35
3590
38
3859
3913
3918
4
4176
4397
450
4513
452
453
454
455
456
457
458
460
462
463
465
466
467
468
469
470
471
543
552
56
576
577
578
579
580
581
582
583
584
6
681
718
783
784
785
786
787
788
789
811
815
817
826
829
830
844
846
847
848
850
851
853
855
856
857
859
867
875
885
886
892
895
9
904
905
978
986
990
992
999
acpi
asound
buddyinfo
bus
cgroups
cmdline
consoles
cpuinfo
crypto
devices
diskstats
dma
driver
execdomains
fb
filesystems
fs
interrupts
iomem
ioports
irq
kallsyms
kcore
keys
key-users
kmsg
kpagecgroup
kpagecount
kpageflags
loadavg
locks
mdstat
meminfo
misc
modules
mounts
mtrr
net
pagetypeinfo
partitions
sched_debug
schedstat
scsi
self
slabinfo
softirqs
stat
swaps
sys
sysrq-trigger
sysvipc
thread-self
timer_list
tty
uptime
version
vmallocinfo
vmstat
zoneinfo
